109,3
0,305
0,302
2,1
2,6
2,3
1,1
1,3
0,557
151,4
151,3
151,1
150,3
150,1
149,3
149,1
148,3
148,1
147,3
147,1
146,3
146,1
145,3
145,1
144,3
144,1
143,3
143,1
142,3
142,1
141,3
141,1
140,3
140,1
139,3
139,1
138,3
138,1
137,3
137,1
136,3
136,1
135,3
135,2
135,1
135,0
134,3
134,2
134,1
134,0
133,3
133,2
133,1
133,0
132,3
132,2
132,1
132,0
131,3
131,2
131,1
131,0
130,3
130,2
130,1
130,0
129,3
129,2
129,1
129,0
128,3
128,2
128,1
128,0
127,3
127,2
127,1
127,0
126,3
126,2
126,1
126,0
125,3
125,2
125,1
125,0
124,4
124,3
124,1
121,3
121,1
118,3
118,1
117,4
117,3
117,1
116,3
116,1
115,3
115,1
114,3
114,1
113,3
113,1
112,3
112,1
111,4
111,3
111,1
110,3
110,1
109,4
109,1
108,3
108,1
